ID	C_A.ACA	C_A.ACC	C_A.ACG	C_A.ACT	C_A.CCA	C_A.CCC	C_A.CCG	C_A.CCT	C_A.GCA	C_A.GCC	C_A.GCG	C_A.GCT	C_A.TCA	C_A.TCC	C_A.TCG	C_A.TCT	C_G.ACA	C_G.ACC	C_G.ACG	C_G.ACT	C_G.CCA	C_G.CCC	C_G.CCG	C_G.CCT	C_G.GCA	C_G.GCC	C_G.GCG	C_G.GCT	C_G.TCA	C_G.TCC	C_G.TCG	C_G.TCT	C_T.ACA	C_T.ACC	C_T.ACG	C_T.ACT	C_T.CCA	C_T.CCC	C_T.CCG	C_T.CCT	C_T.GCA	C_T.GCC	C_T.GCG	C_T.GCT	C_T.TCA	C_T.TCC	C_T.TCG	C_T.TCT	T_A.ATA	T_A.ATC	T_A.ATG	T_A.ATT	T_A.CTA	T_A.CTC	T_A.CTG	T_A.CTT	T_A.GTA	T_A.GTC	T_A.GTG	T_A.GTT	T_A.TTA	T_A.TTC	T_A.TTG	T_A.TTT	T_C.ATA	T_C.ATC	T_C.ATG	T_C.ATT	T_C.CTA	T_C.CTC	T_C.CTG	T_C.CTT	T_C.GTA	T_C.GTC	T_C.GTG	T_C.GTT	T_C.TTA	T_C.TTC	T_C.TTG	T_C.TTT	T_G.ATA	T_G.ATC	T_G.ATG	T_G.ATT	T_G.CTA	T_G.CTC	T_G.CTG	T_G.CTT	T_G.GTA	T_G.GTC	T_G.GTG	T_G.GTT	T_G.TTA	T_G.TTC	T_G.TTG	T_G.TTT
TCGA-02-0003-01A-01D-1490-08	0.0	1.0	0.0	2.0	0.0	1.0	1.0	1.0	0.0	0.0	0.0	1.0	0.0	0.0	1.0	0.0	0.0	0.0	0.0	0.0	0.0	0.0	0.0	0.0	0.0	0.0	0.0	0.0	0.0	0.0	1.0	0.0	1.0	0.0	12.0	0.0	0.0	2.0	9.0	1.0	1.0	1.0	7.0	2.0	1.0	0.0	4.0	1.0	0.0	0.0	0.0	0.0	0.0	0.0	2.0	0.0	0.0	0.0	0.0	0.0	0.0	0.0	0.0	0.0	0.0	1.0	0.0	1.0	0.0	0.0	0.0	0.0	1.0	1.0	1.0	0.0	1.0	0.0	0.0	1.0	0.0	0.0	0.0	0.0	0.0	0.0	0.0	0.0	0.0	0.0	1.0	0.0	0.0	0.0	0.0	0.0
TCGA-02-0033-01A-01D-1490-08	2.0	0.0	0.0	1.0	2.0	0.0	0.0	1.0	1.0	0.0	0.0	0.0	0.0	0.0	0.0	0.0	0.0	0.0	0.0	0.0	0.0	0.0	0.0	0.0	0.0	0.0	0.0	0.0	0.0	0.0	0.0	0.0	0.0	0.0	7.0	0.0	3.0	3.0	2.0	0.0	0.0	0.0	5.0	0.0	1.0	1.0	4.0	1.0	0.0	1.0	0.0	0.0	0.0	0.0	0.0	0.0	0.0	0.0	0.0	0.0	0.0	1.0	0.0	0.0	0.0	0.0	0.0	1.0	0.0	0.0	0.0	0.0	0.0	1.0	0.0	0.0	0.0	0.0	0.0	0.0	0.0	0.0	0.0	0.0	0.0	0.0	0.0	0.0	0.0	0.0	0.0	0.0	0.0	0.0	1.0	0.0
TCGA-02-0047-01A-01D-1490-08	0.0	3.0	1.0	0.0	0.0	0.0	0.0	0.0	0.0	0.0	0.0	0.0	0.0	0.0	1.0	0.0	0.0	0.0	0.0	0.0	0.0	0.0	0.0	1.0	0.0	0.0	0.0	1.0	0.0	1.0	0.0	0.0	0.0	2.0	9.0	1.0	2.0	4.0	8.0	4.0	1.0	4.0	6.0	5.0	2.0	0.0	6.0	3.0	0.0	1.0	1.0	1.0	1.0	0.0	0.0	3.0	1.0	0.0	0.0	0.0	0.0	0.0	0.0	0.0	1.0	0.0	0.0	0.0	0.0	0.0	0.0	1.0	0.0	3.0	0.0	0.0	1.0	1.0	0.0	0.0	0.0	0.0	0.0	0.0	0.0	1.0	0.0	1.0	0.0	0.0	0.0	0.0	1.0	0.0	0.0	1.0
TCGA-02-0055-01A-01D-1490-08	1.0	0.0	0.0	3.0	0.0	1.0	0.0	1.0	1.0	0.0	0.0	0.0	0.0	0.0	0.0	0.0	0.0	0.0	1.0	0.0	0.0	0.0	0.0	0.0	0.0	0.0	0.0	0.0	0.0	1.0	0.0	0.0	1.0	0.0	14.0	2.0	1.0	0.0	9.0	3.0	2.0	0.0	13.0	1.0	1.0	3.0	3.0	0.0	0.0	0.0	1.0	0.0	0.0	0.0	1.0	1.0	0.0	1.0	0.0	0.0	1.0	0.0	0.0	0.0	0.0	0.0	0.0	0.0	0.0	1.0	0.0	1.0	0.0	0.0	1.0	2.0	0.0	0.0	1.0	1.0	0.0	0.0	0.0	0.0	0.0	0.0	0.0	0.0	0.0	0.0	0.0	0.0	0.0	0.0	0.0	1.0
TCGA-02-2466-01A-01W-0837-08	0.0	3.0	0.0	1.0	1.0	1.0	0.0	2.0	0.0	1.0	0.0	2.0	1.0	3.0	1.0	0.0	2.0	0.0	0.0	0.0	2.0	0.0	1.0	0.0	0.0	0.0	0.0	0.0	1.0	0.0	1.0	1.0	1.0	2.0	8.0	1.0	0.0	3.0	4.0	4.0	1.0	2.0	6.0	3.0	2.0	1.0	5.0	2.0	7.0	0.0	0.0	0.0	11.0	0.0	0.0	0.0	3.0	0.0	0.0	0.0	3.0	1.0	0.0	1.0	1.0	2.0	3.0	2.0	1.0	2.0	2.0	1.0	2.0	6.0	6.0	2.0	1.0	2.0	0.0	0.0	0.0	0.0	0.0	0.0	0.0	2.0	0.0	0.0	0.0	0.0	1.0	0.0	0.0	0.0	0.0	2.0
TCGA-02-2470-01A-01D-1494-08	0.0	0.0	0.0	1.0	0.0	0.0	0.0	1.0	1.0	2.0	0.0	1.0	0.0	0.0	0.0	0.0	0.0	2.0	0.0	0.0	0.0	0.0	1.0	0.0	0.0	0.0	0.0	0.0	0.0	1.0	0.0	1.0	1.0	0.0	13.0	0.0	1.0	1.0	5.0	0.0	0.0	1.0	14.0	1.0	0.0	0.0	5.0	2.0	0.0	0.0	0.0	0.0	1.0	0.0	0.0	0.0	0.0	1.0	0.0	0.0	0.0	1.0	0.0	0.0	1.0	1.0	0.0	1.0	0.0	1.0	2.0	0.0	0.0	0.0	0.0	1.0	0.0	1.0	1.0	1.0	2.0	1.0	0.0	0.0	0.0	0.0	1.0	1.0	0.0	0.0	0.0	0.0	0.0	0.0	0.0	1.0
TCGA-02-2483-01A-01D-1494-08	1.0	2.0	0.0	1.0	3.0	0.0	0.0	1.0	1.0	0.0	0.0	1.0	3.0	1.0	0.0	2.0	0.0	0.0	0.0	1.0	0.0	1.0	0.0	1.0	0.0	0.0	0.0	0.0	0.0	0.0	0.0	1.0	0.0	0.0	10.0	2.0	0.0	1.0	1.0	1.0	1.0	3.0	2.0	1.0	0.0	0.0	1.0	0.0	0.0	1.0	0.0	0.0	0.0	0.0	1.0	1.0	0.0	0.0	0.0	0.0	1.0	0.0	0.0	0.0	1.0	1.0	3.0	1.0	1.0	2.0	3.0	3.0	0.0	1.0	2.0	1.0	0.0	2.0	0.0	0.0	0.0	0.0	0.0	0.0	0.0	0.0	0.0	0.0	1.0	0.0	0.0	0.0	0.0	0.0	0.0	0.0
TCGA-02-2485-01A-01D-1494-08	1.0	1.0	1.0	0.0	0.0	1.0	0.0	2.0	0.0	1.0	0.0	0.0	0.0	2.0	0.0	2.0	0.0	0.0	1.0	2.0	0.0	0.0	0.0	0.0	0.0	0.0	0.0	0.0	0.0	0.0	0.0	0.0	0.0	1.0	19.0	0.0	0.0	2.0	8.0	2.0	0.0	0.0	10.0	0.0	0.0	1.0	4.0	0.0	0.0	0.0	0.0	0.0	0.0	0.0	0.0	0.0	0.0	0.0	0.0	0.0	0.0	1.0	0.0	0.0	0.0	0.0	3.0	1.0	0.0	0.0	0.0	0.0	1.0	0.0	0.0	0.0	0.0	2.0	1.0	0.0	0.0	0.0	0.0	1.0	0.0	0.0	0.0	0.0	0.0	1.0	1.0	0.0	0.0	0.0	0.0	0.0
TCGA-02-2486-01A-01D-1494-08	0.0	1.0	1.0	1.0	0.0	1.0	0.0	1.0	0.0	0.0	0.0	0.0	2.0	0.0	0.0	1.0	0.0	0.0	0.0	0.0	1.0	0.0	0.0	0.0	0.0	0.0	0.0	0.0	0.0	1.0	0.0	0.0	1.0	1.0	13.0	0.0	0.0	0.0	14.0	0.0	1.0	0.0	13.0	0.0	0.0	1.0	6.0	0.0	0.0	0.0	0.0	0.0	0.0	1.0	0.0	1.0	0.0	0.0	0.0	0.0	0.0	1.0	0.0	0.0	1.0	0.0	0.0	1.0	0.0	0.0	0.0	0.0	0.0	0.0	0.0	1.0	0.0	1.0	0.0	0.0	0.0	0.0	0.0	0.0	1.0	0.0	1.0	0.0	1.0	0.0	0.0	0.0	0.0	0.0	1.0	0.0
TCGA-04-1331-01A-01W-0486-08	2.0	2.0	2.0	1.0	5.0	2.0	2.0	2.0	1.0	2.0	1.0	1.0	5.0	3.0	0.0	4.0	4.0	0.0	0.0	1.0	2.0	2.0	0.0	1.0	3.0	1.0	0.0	1.0	3.0	9.0	0.0	2.0	6.0	4.0	4.0	2.0	6.0	5.0	3.0	2.0	2.0	7.0	10.0	1.0	4.0	5.0	5.0	5.0	1.0	0.0	2.0	0.0	1.0	0.0	2.0	0.0	0.0	1.0	1.0	1.0	1.0	0.0	2.0	3.0	3.0	0.0	1.0	3.0	0.0	0.0	1.0	0.0	1.0	0.0	2.0	0.0	1.0	1.0	1.0	1.0	1.0	0.0	1.0	0.0	0.0	3.0	2.0	0.0	1.0	0.0	1.0	2.0	0.0	1.0	0.0	1.0
TCGA-04-1335-01A-01W-0488-09	0.0	0.0	1.0	0.0	2.0	1.0	1.0	0.0	0.0	0.0	0.0	0.0	1.0	0.0	0.0	0.0	0.0	0.0	0.0	0.0	0.0	0.0	0.0	0.0	1.0	1.0	0.0	0.0	1.0	0.0	0.0	0.0	0.0	0.0	1.0	0.0	0.0	1.0	0.0	0.0	0.0	1.0	2.0	1.0	0.0	0.0	0.0	0.0	0.0	1.0	0.0	0.0	0.0	0.0	1.0	1.0	0.0	0.0	0.0	1.0	0.0	0.0	0.0	0.0	0.0	0.0	1.0	0.0	0.0	1.0	0.0	1.0	0.0	0.0	1.0	0.0	0.0	2.0	0.0	0.0	1.0	0.0	0.0	0.0	0.0	0.0	1.0	0.0	0.0	0.0	0.0	0.0	1.0	0.0	0.0	0.0
TCGA-04-1336-01A-01W-0486-08	1.0	2.0	0.0	2.0	3.0	0.0	1.0	2.0	2.0	1.0	0.0	1.0	1.0	2.0	0.0	2.0	0.0	1.0	2.0	0.0	0.0	1.0	0.0	1.0	0.0	0.0	0.0	1.0	1.0	1.0	1.0	2.0	1.0	0.0	1.0	0.0	2.0	1.0	5.0	1.0	1.0	3.0	3.0	3.0	1.0	1.0	2.0	1.0	0.0	1.0	0.0	1.0	2.0	1.0	0.0	0.0	0.0	0.0	1.0	1.0	0.0	1.0	1.0	1.0	0.0	0.0	0.0	1.0	0.0	1.0	2.0	1.0	0.0	0.0	0.0	0.0	2.0	0.0	0.0	0.0	0.0	0.0	1.0	0.0	0.0	1.0	3.0	0.0	0.0	0.0	0.0	0.0	0.0	0.0	0.0	1.0
TCGA-04-1341-01A-01W-0486-08	0.0	0.0	1.0	0.0	0.0	0.0	0.0	0.0	1.0	1.0	0.0	0.0	0.0	0.0	1.0	0.0	1.0	1.0	2.0	0.0	1.0	0.0	1.0	0.0	0.0	0.0	0.0	0.0	0.0	3.0	0.0	0.0	0.0	3.0	2.0	0.0	0.0	0.0	0.0	2.0	1.0	0.0	4.0	1.0	2.0	0.0	1.0	1.0	0.0	0.0	0.0	1.0	0.0	0.0	0.0	0.0	0.0	0.0	0.0	0.0	0.0	1.0	0.0	0.0	0.0	0.0	0.0	0.0	0.0	0.0	0.0	1.0	0.0	0.0	0.0	1.0	0.0	0.0	0.0	0.0	0.0	0.0	0.0	0.0	0.0	1.0	0.0	0.0	0.0	1.0	0.0	0.0	0.0	0.0	0.0	0.0
TCGA-04-1342-01A-01W-0486-08	3.0	8.0	1.0	1.0	3.0	7.0	3.0	2.0	5.0	5.0	5.0	3.0	4.0	1.0	2.0	5.0	1.0	1.0	1.0	4.0	2.0	5.0	3.0	2.0	4.0	5.0	1.0	6.0	6.0	1.0	2.0	0.0	7.0	2.0	6.0	3.0	8.0	8.0	11.0	3.0	4.0	5.0	5.0	1.0	7.0	8.0	9.0	6.0	0.0	0.0	0.0	0.0	3.0	2.0	3.0	2.0	1.0	1.0	4.0	2.0	1.0	0.0	0.0	1.0	3.0	2.0	3.0	3.0	1.0	4.0	1.0	3.0	1.0	2.0	0.0	0.0	1.0	4.0	1.0	2.0	0.0	2.0	2.0	0.0	0.0	1.0	3.0	1.0	3.0	0.0	4.0	0.0	1.0	3.0	0.0	1.0
TCGA-04-1343-01A-01W-0486-08	0.0	2.0	0.0	4.0	0.0	1.0	2.0	1.0	1.0	3.0	0.0	3.0	1.0	4.0	0.0	1.0	2.0	1.0	0.0	1.0	0.0	1.0	1.0	0.0	1.0	2.0	1.0	2.0	4.0	0.0	2.0	0.0	1.0	2.0	9.0	4.0	7.0	5.0	6.0	0.0	3.0	7.0	5.0	3.0	5.0	1.0	5.0	3.0	1.0	0.0	0.0	0.0	0.0	2.0	0.0	3.0	0.0	0.0	0.0	0.0	3.0	0.0	0.0	0.0	1.0	1.0	1.0	1.0	0.0	2.0	0.0	1.0	2.0	1.0	0.0	1.0	0.0	1.0	0.0	2.0	0.0	0.0	0.0	0.0	1.0	0.0	1.0	1.0	2.0	0.0	2.0	0.0	2.0	0.0	1.0	0.0
TCGA-04-1346-01A-01W-0486-08	1.0	0.0	0.0	0.0	1.0	0.0	0.0	2.0	0.0	1.0	0.0	1.0	1.0	0.0	0.0	0.0	0.0	0.0	0.0	1.0	0.0	1.0	1.0	0.0	0.0	0.0	0.0	0.0	0.0	2.0	1.0	1.0	2.0	2.0	6.0	1.0	1.0	3.0	4.0	1.0	1.0	1.0	6.0	2.0	0.0	1.0	3.0	1.0	1.0	0.0	0.0	1.0	2.0	1.0	1.0	1.0	1.0	0.0	0.0	0.0	2.0	0.0	0.0	0.0	1.0	2.0	2.0	0.0	2.0	1.0	0.0	1.0	2.0	0.0	0.0	0.0	2.0	0.0	0.0	0.0	0.0	0.0	0.0	0.0	0.0	0.0	1.0	1.0	0.0	0.0	0.0	0.0	0.0	0.0	1.0	0.0
TCGA-04-1348-01A-01W-0492-08	1.0	1.0	0.0	1.0	2.0	0.0	1.0	0.0	0.0	0.0	1.0	1.0	2.0	1.0	1.0	4.0	0.0	0.0	0.0	0.0	0.0	0.0	0.0	0.0	0.0	1.0	0.0	1.0	0.0	1.0	0.0	1.0	2.0	1.0	2.0	0.0	3.0	2.0	3.0	3.0	0.0	2.0	3.0	0.0	0.0	0.0	3.0	0.0	4.0	0.0	0.0	0.0	7.0	0.0	1.0	2.0	5.0	1.0	2.0	0.0	2.0	0.0	0.0	1.0	1.0	0.0	1.0	1.0	1.0	1.0	0.0	2.0	0.0	0.0	0.0	1.0	0.0	1.0	0.0	1.0	0.0	0.0	0.0	0.0	0.0	1.0	0.0	0.0	0.0	1.0	0.0	0.0	1.0	0.0	0.0	0.0
TCGA-04-1349-01A-01W-0492-08	2.0	2.0	2.0	2.0	1.0	0.0	1.0	2.0	0.0	1.0	0.0	0.0	0.0	0.0	0.0	1.0	0.0	0.0	0.0	1.0	0.0	1.0	0.0	2.0	0.0	0.0	1.0	1.0	0.0	2.0	0.0	1.0	0.0	0.0	1.0	3.0	0.0	3.0	5.0	1.0	1.0	1.0	2.0	1.0	3.0	1.0	2.0	0.0	8.0	2.0	1.0	0.0	5.0	1.0	0.0	3.0	0.0	0.0	1.0	0.0	3.0	0.0	1.0	0.0	0.0	2.0	1.0	1.0	0.0	2.0	1.0	0.0	0.0	0.0	0.0	1.0	0.0	0.0	2.0	1.0	0.0	1.0	0.0	1.0	0.0	0.0	0.0	0.0	0.0	0.0	0.0	0.0	0.0	0.0	0.0	1.0
TCGA-04-1353-01A-01D-1526-09	0.0	0.0	1.0	0.0	0.0	0.0	0.0	0.0	0.0	0.0	0.0	0.0	0.0	1.0	0.0	0.0	0.0	0.0	0.0	0.0	0.0	0.0	2.0	0.0	1.0	0.0	0.0	2.0	1.0	3.0	0.0	1.0	1.0	1.0	0.0	0.0	0.0	2.0	2.0	1.0	2.0	0.0	0.0	1.0	0.0	0.0	0.0	1.0	0.0	0.0	0.0	0.0	0.0	0.0	0.0	1.0	0.0	0.0	0.0	0.0	0.0	0.0	0.0	0.0	0.0	0.0	0.0	0.0	0.0	0.0	0.0	0.0	1.0	0.0	0.0	0.0	0.0	0.0	0.0	0.0	0.0	0.0	0.0	0.0	0.0	1.0	1.0	0.0	0.0	0.0	0.0	0.0	0.0	0.0	0.0	0.0
TCGA-04-1356-01A-01W-0492-08	3.0	3.0	0.0	2.0	6.0	2.0	0.0	2.0	1.0	3.0	2.0	2.0	2.0	1.0	1.0	3.0	2.0	0.0	1.0	3.0	0.0	2.0	1.0	3.0	1.0	2.0	2.0	1.0	2.0	3.0	0.0	4.0	0.0	0.0	5.0	3.0	2.0	0.0	2.0	2.0	3.0	2.0	2.0	1.0	3.0	5.0	1.0	3.0	1.0	2.0	1.0	0.0	2.0	2.0	1.0	1.0	1.0	0.0	0.0	1.0	0.0	0.0	0.0	0.0	1.0	1.0	2.0	0.0	0.0	2.0	0.0	0.0	0.0	2.0	2.0	0.0	0.0	0.0	0.0	1.0	0.0	1.0	0.0	0.0	0.0	0.0	2.0	1.0	0.0	1.0	2.0	1.0	0.0	0.0	3.0	1.0
TCGA-04-1357-01A-01W-0492-08	3.0	1.0	1.0	1.0	2.0	1.0	0.0	0.0	1.0	0.0	2.0	1.0	1.0	3.0	0.0	0.0	3.0	0.0	2.0	1.0	1.0	1.0	0.0	0.0	1.0	2.0	0.0	1.0	6.0	2.0	0.0	5.0	1.0	0.0	3.0	1.0	3.0	1.0	5.0	1.0	2.0	5.0	2.0	1.0	1.0	5.0	2.0	2.0	0.0	0.0	2.0	0.0	0.0	2.0	1.0	0.0	1.0	0.0	0.0	2.0	1.0	0.0	0.0	0.0	1.0	0.0	1.0	1.0	1.0	1.0	1.0	2.0	0.0	2.0	0.0	0.0	1.0	1.0	1.0	0.0	1.0	1.0	0.0	0.0	0.0	0.0	1.0	2.0	0.0	0.0	0.0	2.0	0.0	1.0	1.0	0.0
TCGA-04-1360-01A-01W-0492-08	2.0	2.0	0.0	2.0	3.0	2.0	1.0	1.0	6.0	1.0	1.0	4.0	2.0	1.0	1.0	1.0	3.0	2.0	0.0	2.0	2.0	3.0	0.0	3.0	0.0	2.0	1.0	4.0	2.0	2.0	1.0	2.0	2.0	1.0	7.0	3.0	2.0	2.0	4.0	4.0	2.0	3.0	8.0	4.0	3.0	4.0	5.0	2.0	1.0	2.0	3.0	0.0	1.0	1.0	3.0	1.0	0.0	1.0	1.0	0.0	2.0	0.0	0.0	2.0	0.0	1.0	0.0	3.0	0.0	3.0	4.0	3.0	3.0	1.0	2.0	1.0	2.0	1.0	0.0	0.0	0.0	0.0	0.0	0.0	1.0	1.0	2.0	0.0	1.0	1.0	2.0	0.0	0.0	2.0	1.0	1.0
TCGA-04-1361-01A-01W-0492-08	2.0	2.0	2.0	3.0	2.0	6.0	2.0	3.0	3.0	6.0	0.0	1.0	0.0	4.0	1.0	5.0	2.0	4.0	0.0	0.0	0.0	0.0	1.0	6.0	0.0	3.0	1.0	4.0	4.0	3.0	0.0	2.0	1.0	2.0	2.0	2.0	5.0	4.0	4.0	2.0	5.0	5.0	7.0	4.0	3.0	1.0	4.0	2.0	1.0	1.0	0.0	0.0	3.0	1.0	1.0	4.0	5.0	0.0	1.0	1.0	0.0	2.0	1.0	1.0	0.0	0.0	1.0	0.0	1.0	2.0	7.0	0.0	2.0	0.0	0.0	1.0	1.0	2.0	1.0	0.0	0.0	0.0	0.0	0.0	1.0	1.0	3.0	2.0	0.0	0.0	1.0	0.0	0.0	1.0	0.0	0.0
TCGA-04-1362-01A-01W-0492-08	0.0	0.0	1.0	2.0	1.0	2.0	0.0	1.0	0.0	1.0	1.0	1.0	2.0	0.0	0.0	4.0	1.0	0.0	0.0	2.0	1.0	2.0	1.0	0.0	0.0	1.0	0.0	2.0	2.0	3.0	1.0	3.0	0.0	0.0	1.0	1.0	2.0	2.0	2.0	1.0	2.0	3.0	0.0	1.0	3.0	2.0	1.0	4.0	1.0	2.0	0.0	0.0	3.0	2.0	0.0	0.0	1.0	0.0	1.0	1.0	1.0	0.0	0.0	0.0	0.0	0.0	0.0	0.0	0.0	1.0	1.0	1.0	1.0	2.0	0.0	0.0	0.0	0.0	0.0	0.0	0.0	0.0	0.0	0.0	0.0	1.0	3.0	0.0	0.0	1.0	1.0	0.0	1.0	1.0	1.0	0.0
TCGA-04-1367-01A-01W-0492-08	4.0	2.0	1.0	2.0	3.0	3.0	1.0	2.0	3.0	1.0	3.0	0.0	1.0	3.0	1.0	2.0	1.0	2.0	0.0	2.0	3.0	2.0	2.0	2.0	1.0	1.0	0.0	2.0	3.0	3.0	1.0	8.0	2.0	3.0	4.0	1.0	5.0	1.0	6.0	3.0	3.0	2.0	4.0	1.0	2.0	3.0	1.0	3.0	0.0	2.0	1.0	3.0	0.0	4.0	4.0	1.0	0.0	1.0	1.0	0.0	2.0	1.0	1.0	0.0	1.0	2.0	2.0	1.0	0.0	2.0	0.0	2.0	0.0	1.0	1.0	1.0	1.0	3.0	1.0	1.0	1.0	0.0	1.0	0.0	0.0	2.0	1.0	0.0	0.0	2.0	1.0	0.0	1.0	0.0	0.0	1.0
TCGA-04-1369-01A-02D-1526-09	3.0	4.0	0.0	2.0	3.0	0.0	3.0	3.0	2.0	4.0	1.0	1.0	0.0	3.0	0.0	2.0	0.0	0.0	1.0	3.0	2.0	0.0	2.0	2.0	0.0	1.0	0.0	0.0	1.0	0.0	1.0	3.0	1.0	3.0	7.0	3.0	3.0	1.0	4.0	2.0	2.0	0.0	4.0	3.0	2.0	2.0	3.0	4.0	0.0	0.0	2.0	0.0	0.0	0.0	0.0	1.0	0.0	1.0	1.0	0.0	0.0	0.0	0.0	0.0	0.0	0.0	4.0	2.0	0.0	0.0	2.0	1.0	0.0	0.0	1.0	2.0	0.0	3.0	1.0	1.0	0.0	0.0	0.0	1.0	1.0	0.0	0.0	2.0	1.0	0.0	1.0	0.0	0.0	1.0	1.0	1.0
TCGA-04-1516-01A-01D-1526-09	1.0	1.0	0.0	2.0	1.0	0.0	1.0	1.0	1.0	2.0	0.0	1.0	0.0	3.0	0.0	0.0	2.0	0.0	0.0	2.0	1.0	1.0	0.0	1.0	0.0	0.0	0.0	2.0	1.0	1.0	1.0	1.0	1.0	3.0	0.0	1.0	1.0	1.0	2.0	2.0	1.0	1.0	2.0	0.0	3.0	2.0	1.0	1.0	0.0	1.0	0.0	1.0	0.0	2.0	0.0	1.0	1.0	0.0	2.0	1.0	0.0	1.0	1.0	0.0	0.0	0.0	0.0	0.0	0.0	1.0	2.0	0.0	0.0	0.0	0.0	1.0	0.0	0.0	0.0	0.0	0.0	0.0	2.0	0.0	0.0	0.0	2.0	0.0	0.0	0.0	0.0	0.0	0.0	0.0	1.0	0.0
TCGA-04-1542-01A-01W-0553-09	1.0	4.0	0.0	1.0	1.0	3.0	1.0	1.0	0.0	1.0	0.0	0.0	0.0	0.0	2.0	0.0	0.0	0.0	0.0	0.0	1.0	0.0	0.0	1.0	0.0	1.0	1.0	2.0	2.0	0.0	0.0	1.0	1.0	1.0	8.0	1.0	2.0	0.0	3.0	1.0	4.0	0.0	7.0	0.0	2.0	1.0	4.0	0.0	0.0	2.0	0.0	0.0	0.0	0.0	0.0	2.0	0.0	0.0	1.0	0.0	0.0	1.0	0.0	0.0	0.0	0.0	2.0	2.0	0.0	0.0	1.0	1.0	1.0	0.0	0.0	1.0	0.0	1.0	0.0	1.0	1.0	0.0	0.0	0.0	0.0	0.0	0.0	0.0	0.0	0.0	0.0	1.0	0.0	0.0	1.0	1.0
TCGA-04-1638-01A-01W-0639-09	2.0	1.0	0.0	2.0	0.0	0.0	1.0	0.0	0.0	2.0	0.0	2.0	2.0	1.0	0.0	1.0	1.0	0.0	0.0	1.0	0.0	0.0	0.0	1.0	1.0	0.0	0.0	0.0	3.0	1.0	0.0	1.0	0.0	0.0	5.0	0.0	1.0	1.0	10.0	2.0	1.0	1.0	1.0	2.0	2.0	3.0	2.0	0.0	0.0	0.0	0.0	0.0	0.0	0.0	0.0	1.0	1.0	0.0	0.0	0.0	0.0	0.0	0.0	0.0	1.0	1.0	0.0	2.0	1.0	1.0	2.0	2.0	1.0	0.0	1.0	1.0	1.0	0.0	0.0	1.0	0.0	0.0	0.0	0.0	0.0	0.0	0.0	2.0	0.0	0.0	0.0	0.0	0.0	1.0	0.0	1.0
TCGA-04-1644-01B-01D-1526-09	1.0	0.0	0.0	0.0	2.0	0.0	0.0	0.0	0.0	0.0	1.0	1.0	0.0	1.0	1.0	1.0	0.0	0.0	0.0	0.0	2.0	0.0	0.0	1.0	0.0	0.0	0.0	0.0	1.0	1.0	3.0	0.0	0.0	0.0	4.0	1.0	0.0	0.0	5.0	1.0	0.0	1.0	2.0	1.0	2.0	3.0	1.0	1.0	0.0	0.0	0.0	0.0	0.0	0.0	1.0	0.0	0.0	1.0	0.0	0.0	0.0	0.0	0.0	1.0	0.0	1.0	0.0	0.0	0.0	0.0	0.0	0.0	0.0	0.0	0.0	0.0	0.0	0.0	0.0	0.0	0.0	0.0	0.0	0.0	0.0	1.0	1.0	0.0	0.0	0.0	0.0	0.0	0.0	0.0	0.0	0.0
TCGA-04-1646-01A-01W-0639-09	1.0	0.0	0.0	1.0	1.0	0.0	0.0	1.0	1.0	0.0	0.0	1.0	2.0	1.0	0.0	2.0	1.0	0.0	0.0	2.0	0.0	1.0	0.0	0.0	1.0	0.0	0.0	0.0	0.0	0.0	1.0	3.0	0.0	0.0	2.0	0.0	2.0	2.0	2.0	0.0	2.0	0.0	0.0	0.0	1.0	1.0	4.0	0.0	0.0	0.0	0.0	0.0	1.0	1.0	0.0	0.0	0.0	0.0	0.0	0.0	1.0	0.0	0.0	0.0	0.0	0.0	0.0	0.0	0.0	0.0	0.0	0.0	0.0	0.0	0.0	0.0	0.0	0.0	0.0	1.0	0.0	0.0	0.0	0.0	0.0	1.0	0.0	0.0	0.0	0.0	0.0	0.0	0.0	0.0	0.0	0.0
TCGA-04-1648-01A-01W-0639-09	7.0	3.0	1.0	3.0	3.0	1.0	1.0	2.0	8.0	5.0	1.0	7.0	8.0	5.0	1.0	7.0	1.0	2.0	0.0	0.0	1.0	1.0	1.0	3.0	0.0	0.0	0.0	1.0	3.0	0.0	0.0	0.0	2.0	0.0	3.0	1.0	4.0	2.0	5.0	0.0	2.0	1.0	1.0	1.0	2.0	3.0	1.0	2.0	0.0	0.0	0.0	0.0	0.0	0.0	0.0	0.0	1.0	1.0	0.0	0.0	0.0	1.0	0.0	0.0	0.0	0.0	2.0	0.0	0.0	1.0	1.0	0.0	1.0	2.0	0.0	0.0	0.0	0.0	0.0	0.0	0.0	0.0	0.0	1.0	0.0	0.0	0.0	0.0	0.0	0.0	0.0	0.0	0.0	0.0	1.0	0.0
TCGA-04-1649-01A-01W-0639-09	3.0	1.0	1.0	3.0	3.0	0.0	0.0	2.0	3.0	4.0	0.0	3.0	4.0	2.0	1.0	7.0	0.0	0.0	2.0	1.0	1.0	1.0	0.0	1.0	0.0	1.0	0.0	0.0	2.0	1.0	0.0	2.0	1.0	2.0	6.0	0.0	0.0	3.0	4.0	1.0	1.0	2.0	5.0	1.0	3.0	2.0	4.0	4.0	1.0	1.0	2.0	0.0	1.0	3.0	4.0	0.0	1.0	0.0	1.0	0.0	0.0	0.0	0.0	0.0	0.0	0.0	1.0	2.0	0.0	0.0	0.0	1.0	0.0	0.0	1.0	2.0	0.0	1.0	0.0	1.0	0.0	0.0	0.0	1.0	0.0	0.0	1.0	0.0	0.0	0.0	0.0	0.0	1.0	0.0	0.0	1.0
TCGA-04-1651-01A-01W-0639-09	3.0	3.0	0.0	3.0	1.0	1.0	1.0	1.0	4.0	2.0	1.0	3.0	0.0	3.0	1.0	4.0	2.0	0.0	1.0	3.0	0.0	1.0	0.0	3.0	2.0	1.0	0.0	1.0	2.0	2.0	1.0	4.0	2.0	0.0	4.0	1.0	6.0	1.0	1.0	3.0	1.0	3.0	4.0	1.0	6.0	1.0	1.0	4.0	0.0	1.0	0.0	1.0	0.0	1.0	3.0	0.0	1.0	0.0	1.0	1.0	1.0	0.0	1.0	0.0	1.0	0.0	0.0	1.0	0.0	0.0	0.0	2.0	1.0	0.0	0.0	0.0	0.0	0.0	0.0	0.0	0.0	1.0	1.0	0.0	0.0	1.0	1.0	1.0	0.0	0.0	0.0	0.0	1.0	1.0	0.0	0.0
TCGA-04-1652-01A-01W-0639-09	1.0	1.0	0.0	1.0	3.0	2.0	0.0	2.0	1.0	1.0	1.0	2.0	1.0	1.0	0.0	1.0	1.0	0.0	0.0	1.0	0.0	1.0	0.0	0.0	0.0	0.0	0.0	1.0	1.0	1.0	0.0	0.0	2.0	1.0	14.0	2.0	3.0	1.0	14.0	3.0	4.0	1.0	7.0	3.0	1.0	1.0	2.0	1.0	0.0	0.0	3.0	0.0	0.0	0.0	1.0	0.0	1.0	0.0	0.0	0.0	1.0	0.0	0.0	0.0	1.0	0.0	0.0	3.0	0.0	0.0	1.0	1.0	2.0	2.0	1.0	0.0	1.0	4.0	1.0	1.0	0.0	0.0	0.0	0.0	0.0	0.0	2.0	1.0	0.0	0.0	0.0	0.0	0.0	1.0	0.0	0.0
TCGA-04-1655-01A-01W-0633-09	4.0	1.0	0.0	2.0	3.0	0.0	2.0	1.0	1.0	1.0	1.0	3.0	2.0	5.0	0.0	3.0	0.0	1.0	7.0	1.0	0.0	1.0	1.0	1.0	0.0	0.0	0.0	0.0	2.0	1.0	2.0	3.0	2.0	3.0	5.0	1.0	5.0	1.0	2.0	1.0	1.0	4.0	5.0	0.0	3.0	1.0	2.0	0.0	2.0	2.0	0.0	2.0	0.0	0.0	0.0	0.0	0.0	1.0	1.0	1.0	0.0	1.0	1.0	1.0	1.0	0.0	0.0	2.0	0.0	0.0	0.0	1.0	1.0	1.0	0.0	2.0	1.0	0.0	1.0	0.0	0.0	0.0	1.0	0.0	0.0	0.0	1.0	2.0	0.0	1.0	1.0	0.0	0.0	0.0	0.0	0.0
TCGA-05-4244-01A-01D-1105-08	6.0	7.0	5.0	2.0	17.0	9.0	4.0	11.0	5.0	6.0	4.0	6.0	8.0	11.0	4.0	8.0	3.0	0.0	1.0	1.0	3.0	0.0	4.0	1.0	1.0	5.0	0.0	2.0	1.0	5.0	1.0	2.0	5.0	1.0	8.0	1.0	7.0	1.0	5.0	4.0	5.0	6.0	5.0	4.0	4.0	2.0	2.0	7.0	1.0	3.0	2.0	1.0	1.0	2.0	4.0	0.0	1.0	1.0	5.0	1.0	1.0	3.0	3.0	0.0	2.0	0.0	2.0	2.0	0.0	1.0	1.0	0.0	4.0	2.0	2.0	1.0	0.0	1.0	0.0	0.0	0.0	0.0	0.0	0.0	0.0	0.0	2.0	0.0	1.0	0.0	0.0	0.0	0.0	0.0	2.0	0.0
TCGA-05-4249-01A-01D-1105-08	9.0	12.0	7.0	8.0	15.0	21.0	18.0	12.0	6.0	11.0	6.0	12.0	11.0	18.0	5.0	8.0	3.0	2.0	2.0	0.0	5.0	1.0	1.0	3.0	2.0	2.0	0.0	0.0	4.0	2.0	4.0	11.0	5.0	2.0	7.0	4.0	4.0	3.0	14.0	6.0	0.0	6.0	6.0	2.0	8.0	11.0	7.0	6.0	0.0	0.0	7.0	5.0	3.0	1.0	11.0	3.0	4.0	1.0	5.0	2.0	2.0	0.0	3.0	2.0	8.0	0.0	2.0	3.0	2.0	1.0	2.0	2.0	2.0	2.0	2.0	2.0	0.0	0.0	0.0	1.0	0.0	1.0	0.0	0.0	1.0	0.0	0.0	0.0	0.0	2.0	1.0	0.0	0.0	1.0	1.0	2.0
TCGA-05-4250-01A-01D-1105-08	8.0	1.0	10.0	9.0	16.0	24.0	18.0	17.0	14.0	10.0	7.0	10.0	10.0	10.0	3.0	9.0	3.0	2.0	3.0	2.0	11.0	3.0	4.0	0.0	1.0	2.0	2.0	1.0	8.0	8.0	4.0	10.0	0.0	3.0	5.0	5.0	5.0	12.0	8.0	8.0	5.0	3.0	8.0	2.0	18.0	11.0	9.0	11.0	1.0	1.0	6.0	1.0	1.0	3.0	9.0	2.0	1.0	0.0	1.0	2.0	0.0	1.0	1.0	1.0	7.0	8.0	6.0	2.0	0.0	1.0	7.0	1.0	1.0	1.0	3.0	2.0	2.0	1.0	4.0	1.0	0.0	0.0	1.0	0.0	1.0	0.0	2.0	2.0	1.0	0.0	0.0	0.0	0.0	0.0	2.0	1.0
TCGA-05-4382-01A-01D-1931-08	3.0	3.0	3.0	6.0	8.0	13.0	6.0	14.0	7.0	5.0	4.0	0.0	7.0	14.0	3.0	7.0	0.0	0.0	0.0	1.0	2.0	1.0	0.0	0.0	1.0	1.0	0.0	0.0	6.0	2.0	0.0	3.0	3.0	0.0	0.0	1.0	1.0	1.0	3.0	1.0	2.0	1.0	0.0	0.0	5.0	1.0	1.0	4.0	1.0	0.0	0.0	1.0	0.0	1.0	4.0	2.0	1.0	2.0	1.0	0.0	0.0	1.0	0.0	0.0	1.0	1.0	2.0	1.0	2.0	1.0	2.0	1.0	0.0	3.0	2.0	2.0	0.0	0.0	0.0	0.0	0.0	0.0	0.0	0.0	0.0	0.0	0.0	2.0	0.0	0.0	2.0	0.0	0.0	0.0	0.0	0.0
